 =====================================================================================================================================
 Performing rotation to the lab frame for atom           1
 Body-fixed multipoles:-
        Charge:    0.0000000000
       Dipoles:    0.3853997904    0.0000000000    0.0000000000
   Quadrupoles:   -0.0302990903    0.0000000000    0.0000000000    0.0611453205    0.0000000000
     Octopoles:   -0.2815065572    0.0000000000    0.0000000000    0.5270968912    0.0000000000    0.0000000000    0.0000000000
 Hexadecapoles:   -0.2753263997    0.0000000000    0.0000000000    0.3404960263    0.0000000000    0.0000000000    0.0000000000    0.0310611163    0.0000000000

 The local orientation matrix, U
   -0.7176257316    0.6963106238    0.0128384005
   -0.1514999378   -0.1740776560    0.9730080876
    0.6797507471    0.6963106238    0.2304136214


 The D1 rotation matrix for dipoles (U, reordered for spherical harmonics)
    0.2304136214    0.6797507471    0.6963106238
    0.0128384005   -0.7176257316    0.6963106238
    0.9730080876   -0.1514999378   -0.1740776560


 The D2 rotation matrix for quadrupoles
   -0.4203643446    0.2712804335    0.2778892832   -0.0197344730    0.8198102470
    0.0051236528   -0.1566238313    0.1693789671   -0.9726551120   -0.0263727540
    0.3883159480    0.6264953252    0.6374060053    0.0182299253   -0.2238204329
   -0.8197622522    0.1381974982    0.1783184818    0.0187445025   -0.5260631749
    0.0216365492   -0.7002006576    0.6752809898    0.2299323749    0.0194315890


 The D3 rotation matrix for octopoles
   -0.3150385325   -0.3057633295   -0.3132122409   -0.0101676055    0.4223830621   -0.5333513284    0.4961684499
   -0.0057749287    0.1368096020   -0.1227188970   -0.3545850298   -0.0000000000   -0.6223878527   -0.6731215883
   -0.4376754182    0.4088116235    0.4222393025   -0.0108873146    0.6466393613    0.1628980190   -0.1350203480
   -0.4223583342   -0.4583351733   -0.4561108306   -0.0259062119    0.0962283862    0.4642333794   -0.4219734020
    0.0111475941   -0.2416682363    0.2597687111   -0.8931876962   -0.0240570965    0.1748522714    0.2122641988
   -0.0288257011    0.6613846580   -0.6339730402   -0.2737126109   -0.0314280593    0.1921519876    0.2167692202
   -0.7278845026    0.1214933835    0.1763900427    0.0259529763   -0.6265969328   -0.1364757230    0.1112976432


 The D4 rotation matrix for hexadecapoles
    0.1882422124   -0.3254496795   -0.3333781836    0.0080044822   -0.3325225101   -0.3251401119    0.3024727918   -0.6623045319   -0.0319044780
   -0.0061467433    0.1045378297   -0.1096364099    0.2159194606    0.0127893489   -0.2996250814   -0.3125234676    0.0440857680   -0.8607203229
   -0.4658548323   -0.2887652953   -0.2929405710   -0.0166936356    0.5749673314   -0.3572673835    0.3401617011    0.1978035759    0.0209134127
    0.3325030430   -0.3976194185   -0.4154714719   -0.0056305403   -0.3507087833    0.0025466740   -0.0299464722    0.6582137819    0.0393315059
   -0.0087759816    0.1652417627   -0.1401010510   -0.5331020018   -0.0035799110   -0.5214920913   -0.5597100731   -0.0312650963    0.2873541436
   -0.0175726415    0.2959169736   -0.3161599058    0.7644694093    0.0175208219   -0.1567951882   -0.2096408448   -0.0287414211    0.3976012070
   -0.4437308694   -0.3565926012   -0.3407548223   -0.0297381985   -0.0229744774    0.5245241982   -0.4738779907   -0.2407941920   -0.0274001611
    0.6621493514   -0.1060024150   -0.1736725209   -0.0310713582    0.6580980445    0.1912849798   -0.1492144322   -0.1644412090   -0.0143287439
   -0.0349774932    0.6232184689   -0.5937564637   -0.2873035371   -0.0417189671    0.2619311721    0.3003041319    0.0145322114   -0.1205947197


 Lab-fixed multipoles:-
        Charge:    0.0000000000
       Dipoles:    0.0888013614    0.0049479169    0.3749971131
   Quadrupoles:    0.0115299866   -0.0596285506   -0.0106509453    0.0259841891    0.0134037210
     Octopoles:    0.0833260994   -0.1852749866    0.1174698305    0.1052415568   -0.4739345788   -0.1361584424    0.2185839935
 Hexadecapoles:   -0.0696744744    0.0765814322    0.1287220170   -0.0730191874   -0.1800739826    0.2642442676    0.1045657479   -0.1979945985   -0.0877440987
 =====================================================================================================================================


 =====================================================================================================================================
 Performing rotation to the lab frame for atom           4
 Body-fixed multipoles:-
        Charge:    0.0000000000
       Dipoles:    0.3853997904    0.0000000000    0.0000000000
   Quadrupoles:   -0.0302990903    0.0000000000    0.0000000000    0.0611453205    0.0000000000
     Octopoles:   -0.2815065572    0.0000000000    0.0000000000    0.5270968912    0.0000000000    0.0000000000    0.0000000000
 Hexadecapoles:   -0.2753263997    0.0000000000    0.0000000000    0.3404960263    0.0000000000    0.0000000000    0.0000000000    0.0310611163    0.0000000000

 The local orientation matrix, U
   -1.0000000000    0.0000000000    0.0000000000
    0.0000000000   -1.0000000000    0.0000000000
    0.0000000000    0.0000000000    1.0000000000


 The D1 rotation matrix for dipoles (U, reordered for spherical harmonics)
    1.0000000000    0.0000000000    0.0000000000
    0.0000000000   -1.0000000000    0.0000000000
    0.0000000000    0.0000000000   -1.0000000000


 The D2 rotation matrix for quadrupoles
    1.0000000000    0.0000000000    0.0000000000    0.0000000000    0.0000000000
    0.0000000000   -1.0000000000    0.0000000000   -0.0000000000    0.0000000000
    0.0000000000    0.0000000000   -1.0000000000    0.0000000000    0.0000000000
    0.0000000000   -0.0000000000    0.0000000000    1.0000000000    0.0000000000
    0.0000000000    0.0000000000    0.0000000000    0.0000000000    1.0000000000


 The D3 rotation matrix for octopoles
    1.0000000000    0.0000000000    0.0000000000    0.0000000000    0.0000000000    0.0000000000    0.0000000000
    0.0000000000   -1.0000000000    0.0000000000   -0.0000000000    0.0000000000   -0.0000000000    0.0000000000
    0.0000000000    0.0000000000   -1.0000000000    0.0000000000    0.0000000000    0.0000000000    0.0000000000
    0.0000000000   -0.0000000000    0.0000000000    1.0000000000    0.0000000000    0.0000000000    0.0000000000
    0.0000000000    0.0000000000    0.0000000000    0.0000000000    1.0000000000    0.0000000000    0.0000000000
    0.0000000000    0.0000000000    0.0000000000    0.0000000000    0.0000000000   -1.0000000000    0.0000000000
    0.0000000000    0.0000000000    0.0000000000    0.0000000000    0.0000000000    0.0000000000   -1.0000000000


 The D4 rotation matrix for hexadecapoles
    1.0000000000    0.0000000000    0.0000000000    0.0000000000    0.0000000000    0.0000000000    0.0000000000    0.0000000000    0.0000000000
    0.0000000000   -1.0000000000    0.0000000000   -0.0000000000    0.0000000000   -0.0000000000    0.0000000000   -0.0000000000    0.0000000000
    0.0000000000    0.0000000000   -1.0000000000    0.0000000000    0.0000000000    0.0000000000    0.0000000000    0.0000000000    0.0000000000
    0.0000000000    0.0000000000    0.0000000000    1.0000000000    0.0000000000    0.0000000000    0.0000000000    0.0000000000    0.0000000000
    0.0000000000    0.0000000000    0.0000000000    0.0000000000    1.0000000000    0.0000000000    0.0000000000    0.0000000000    0.0000000000
    0.0000000000    0.0000000000    0.0000000000    0.0000000000    0.0000000000   -1.0000000000    0.0000000000   -0.0000000000    0.0000000000
    0.0000000000    0.0000000000    0.0000000000    0.0000000000    0.0000000000    0.0000000000   -1.0000000000    0.0000000000    0.0000000000
    0.0000000000    0.0000000000    0.0000000000    0.0000000000    0.0000000000   -0.0000000000    0.0000000000    1.0000000000    0.0000000000
    0.0000000000    0.0000000000    0.0000000000    0.0000000000    0.0000000000    0.0000000000    0.0000000000    0.0000000000    1.0000000000


 Lab-fixed multipoles:-
        Charge:    0.0000000000
       Dipoles:    0.3853997904    0.0000000000    0.0000000000
   Quadrupoles:   -0.0302990903    0.0000000000    0.0000000000    0.0611453205    0.0000000000
     Octopoles:   -0.2815065572    0.0000000000    0.0000000000    0.5270968912    0.0000000000    0.0000000000    0.0000000000
 Hexadecapoles:   -0.2753263997    0.0000000000    0.0000000000    0.3404960263    0.0000000000    0.0000000000    0.0000000000    0.0310611163    0.0000000000
 =====================================================================================================================================


 =====================================================================================================================================

 Building QI intermediates for pair           1 ,           4

 The Uab orientation matrix
    0.7071067812    0.0000000000   -0.7071067812
    0.0000000000   -1.0000000000    0.0000000000
   -0.7071067812   -0.0000000000   -0.7071067812


 The D1 rotation matrix for dipoles (Uab transpose, reordered for spherical harmonics)
   -0.7071067812   -0.7071067812    0.0000000000
   -0.7071067812    0.7071067812    0.0000000000
   -0.0000000000    0.0000000000   -1.0000000000


 The D2 rotation matrix for quadrupoles
    0.2500000000    0.8660254038   -0.0000000000    0.4330127019   -0.0000000000
    0.8660254038    0.0000000000   -0.0000000000   -0.5000000000    0.0000000000
    0.0000000000    0.0000000000    0.7071067812    0.0000000000    0.7071067812
    0.4330127019   -0.5000000000   -0.0000000000    0.7500000000    0.0000000000
    0.0000000000   -0.0000000000    0.7071067812    0.0000000000   -0.7071067812


 The D3 rotation matrix for octopoles
    0.1767766953   -0.6495190528    0.0000000000   -0.6846531969    0.0000000000   -0.2795084972    0.0000000000
   -0.6495190528   -0.6187184335    0.0000000000    0.2795084972    0.0000000000    0.3423265984   -0.0000000000
   -0.0000000000    0.0000000000   -0.3750000000   -0.0000000000   -0.7905694150   -0.0000000000   -0.4841229183
   -0.6846531969    0.2795084972    0.0000000000   -0.1767766953    0.0000000000   -0.6495190528    0.0000000000
   -0.0000000000    0.0000000000   -0.7905694150    0.0000000000   -0.0000000000    0.0000000000    0.6123724357
   -0.2795084972    0.3423265984    0.0000000000   -0.6495190528   -0.0000000000    0.6187184335    0.0000000000
   -0.0000000000    0.0000000000   -0.4841229183   -0.0000000000    0.6123724357    0.0000000000   -0.6250000000


 The D4 rotation matrix for hexadecapoles
   -0.4062500000    0.1976423538    0.0000000000    0.6987712430    0.0000000000    0.5229125166   -0.0000000000    0.1848774932   -0.0000000000
    0.1976423538    0.8750000000    0.0000000000    0.1767766953    0.0000000000   -0.3307189139    0.0000000000   -0.2338535867    0.0000000000
    0.0000000000    0.0000000000    0.0883883476    0.0000000000    0.6250000000    0.0000000000    0.7015607600    0.0000000000    0.3307189139
    0.6987712430    0.1767766953    0.0000000000   -0.1250000000    0.0000000000    0.4677071733   -0.0000000000    0.4960783708   -0.0000000000
    0.0000000000    0.0000000000    0.6250000000    0.0000000000    0.5303300859    0.0000000000   -0.3307189139   -0.0000000000   -0.4677071733
    0.5229125166   -0.3307189139   -0.0000000000    0.4677071733    0.0000000000    0.1250000000    0.0000000000   -0.6187184335    0.0000000000
    0.0000000000    0.0000000000    0.7015607600    0.0000000000   -0.3307189139    0.0000000000   -0.0883883476    0.0000000000    0.6250000000
    0.1848774932   -0.2338535867    0.0000000000    0.4960783708    0.0000000000   -0.6187184335   -0.0000000000    0.5312500000    0.0000000000
    0.0000000000   -0.0000000000    0.3307189139    0.0000000000   -0.4677071733   -0.0000000000    0.6250000000    0.0000000000   -0.5303300859

 The multipoles on A in the QI frame.
      Qta( 1 ) =     0.0000000000
      Qta( 2 ) =    -0.0662907504
      Qta( 3 ) =    -0.0592933393
      Qta( 4 ) =    -0.3749971131
      Qta( 5 ) =    -0.0375058590
      Qta( 6 ) =    -0.0030068333
      Qta( 7 ) =     0.0019465063
      Qta( 8 ) =     0.0542950477
      Qta( 9 ) =    -0.0170092177
      Qta(10 ) =     0.1010732196
      Qta(11 ) =     0.0433164132
      Qta(12 ) =     0.2248054755
      Qta(13 ) =    -0.0390021655
      Qta(14 ) =     0.0409867573
      Qta(15 ) =    -0.2393150433
      Qta(16 ) =    -0.4837093054
      Qta(17 ) =     0.0939891713
      Qta(18 ) =    -0.0007587948
      Qta(19 ) =    -0.0568281202
      Qta(20 ) =    -0.0006532065
      Qta(21 ) =    -0.0085907162
      Qta(22 ) =     0.0596212607
      Qta(23 ) =     0.0857777327
      Qta(24 ) =    -0.3356907541
      Qta(25 ) =     0.2386796269

 The multipoles on B in the QI frame.
      Qtb( 1 ) =     0.0000000000
      Qtb( 2 ) =    -0.2725188053
      Qtb( 3 ) =    -0.2725188053
      Qtb( 4 ) =     0.0000000000
      Qtb( 5 ) =     0.0189019279
      Qtb( 6 ) =    -0.0568124421
      Qtb( 7 ) =     0.0000000000
      Qtb( 8 ) =     0.0327390994
      Qtb( 9 ) =     0.0000000000
      Qtb(10 ) =    -0.4106423705
      Qtb(11 ) =     0.3301719323
      Qtb(12 ) =     0.0000000000
      Qtb(13 ) =     0.0995559178
      Qtb(14 ) =     0.0000000000
      Qtb(15 ) =    -0.2636759988
      Qtb(16 ) =     0.0000000000
      Qtb(17 ) =     0.3555226827
      Qtb(18 ) =    -0.0014881489
      Qtb(19 ) =     0.0000000000
      Qtb(20 ) =    -0.2195434258
      Qtb(21 ) =     0.0000000000
      Qtb(22 ) =    -0.0039372718
      Qtb(23 ) =     0.0000000000
      Qtb(24 ) =     0.1345122775
      Qtb(25 ) =     0.0000000000

 The x torque intermediates for A in the QI frame.
     Qtax( 1 ) =     0.0000000000
     Qtax( 2 ) =    -0.3749971131
     Qtax( 3 ) =     0.0000000000
     Qtax( 4 ) =     0.0662907504
     Qtax( 5 ) =     0.0033714479
     Qtax( 6 ) =    -0.0170092177
     Qtax( 7 ) =     0.0106670056
     Qtax( 8 ) =     0.0019465063
     Qtax( 9 ) =     0.0030068333
     Qtax(10 ) =     0.5506587064
     Qtax(11 ) =     0.0648057536
     Qtax(12 ) =    -0.1859099764
     Qtax(13 ) =    -0.2369718245
     Qtax(14 ) =     0.2246106089
     Qtax(15 ) =     0.0501983209
     Qtax(16 ) =     0.0477677022
     Qtax(17 ) =    -0.1797062951
     Qtax(18 ) =    -0.0182236610
     Qtax(19 ) =    -0.2958341963
     Qtax(20 ) =     0.0399247960
     Qtax(21 ) =    -0.1099315185
     Qtax(22 ) =     0.3214722071
     Qtax(23 ) =     0.4759604546
     Qtax(24 ) =     0.1213080329
     Qtax(25 ) =    -0.0843171955

 The y torque intermediates for A in the QI frame.
     Qtay( 1 ) =     0.0000000000
     Qtay( 2 ) =     0.0592933393
     Qtay( 3 ) =    -0.0662907504
     Qtay( 4 ) =     0.0000000000
     Qtay( 5 ) =     0.0052079880
     Qtay( 6 ) =    -0.1192571011
     Qtay( 7 ) =     0.0170092177
     Qtay( 8 ) =    -0.0030068333
     Qtay( 9 ) =     0.0019465063
     Qtay(10 ) =    -0.1061031099
     Qtay(11 ) =     0.3092456530
     Qtay(12 ) =    -0.0648057536
     Qtay(13 ) =     0.3615891348
     Qtay(14 ) =     0.9478691576
     Qtay(15 ) =    -0.0477677022
     Qtay(16 ) =     0.0501983209
     Qtay(17 ) =     0.0023995197
     Qtay(18 ) =     0.2986055168
     Qtay(19 ) =     0.0182236610
     Qtay(20 ) =    -0.1131508120
     Qtay(21 ) =    -0.2810260910
     Qtay(22 ) =     0.4735163797
     Qtay(23 ) =    -0.3536157238
     Qtay(24 ) =     0.0843171955
     Qtay(25 ) =     0.1213080329

 The z torque intermediates for A in the QI frame.
     Qtaz( 1 ) =     0.0000000000
     Qtaz( 2 ) =     0.0000000000
     Qtaz( 3 ) =     0.3749971131
     Qtaz( 4 ) =    -0.0592933393
     Qtaz( 5 ) =     0.0000000000
     Qtaz( 6 ) =    -0.0019465063
     Qtaz( 7 ) =    -0.0030068333
     Qtaz( 8 ) =     0.0340184354
     Qtaz( 9 ) =     0.1085900955
     Qtaz(10 ) =     0.0000000000
     Qtaz(11 ) =    -0.2248054755
     Qtaz(12 ) =     0.0433164132
     Qtaz(13 ) =    -0.0819735147
     Qtaz(14 ) =    -0.0780043310
     Qtaz(15 ) =     1.4511279163
     Qtaz(16 ) =    -0.7179451298
     Qtaz(17 ) =     0.0000000000
     Qtaz(18 ) =     0.0568281202
     Qtaz(19 ) =    -0.0007587948
     Qtaz(20 ) =     0.0171814324
     Qtaz(21 ) =    -0.0013064130
     Qtaz(22 ) =    -0.2573331980
     Qtaz(23 ) =     0.1788637821
     Qtaz(24 ) =    -0.9547185076
     Qtaz(25 ) =    -1.3427630163

 The x torque intermediates for B in the QI frame.
     Qtbx( 1 ) =     0.0000000000
     Qtbx( 2 ) =     0.0000000000
     Qtbx( 3 ) =     0.0000000000
     Qtbx( 4 ) =     0.2725188053
     Qtbx( 5 ) =     0.0000000000
     Qtbx( 6 ) =     0.0000000000
     Qtbx( 7 ) =    -0.0654781988
     Qtbx( 8 ) =     0.0000000000
     Qtbx( 9 ) =     0.0568124421
     Qtbx(10 ) =     0.0000000000
     Qtbx(11 ) =     0.0000000000
     Qtbx(12 ) =     0.8484525472
     Qtbx(13 ) =     0.0000000000
     Qtbx(14 ) =    -0.1991118356
     Qtbx(15 ) =     0.0000000000
     Qtbx(16 ) =    -0.1219305997
     Qtbx(17 ) =     0.0000000000
     Qtbx(18 ) =     0.0000000000
     Qtbx(19 ) =    -0.6585395017
     Qtbx(20 ) =     0.0000000000
     Qtbx(21 ) =     0.0105228015
     Qtbx(22 ) =     0.0000000000
     Qtbx(23 ) =     0.2204990534
     Qtbx(24 ) =     0.0000000000
     Qtbx(25 ) =     0.0055681432

 The y torque intermediates for B in the QI frame.
     Qtby( 1 ) =     0.0000000000
     Qtby( 2 ) =     0.2725188053
     Qtby( 3 ) =    -0.2725188053
     Qtby( 4 ) =     0.0000000000
     Qtby( 5 ) =     0.0984020363
     Qtby( 6 ) =     0.0000000000
     Qtby( 7 ) =    -0.0000000000
     Qtby( 8 ) =    -0.0568124421
     Qtby( 9 ) =     0.0000000000
     Qtby(10 ) =    -0.8087527616
     Qtby(11 ) =    -1.1632760019
     Qtby(12 ) =    -0.0000000000
     Qtby(13 ) =     0.8449834900
     Qtby(14 ) =     0.0000000000
     Qtby(15 ) =     0.1219305997
     Qtby(16 ) =     0.0000000000
     Qtby(17 ) =     0.0047059399
     Qtby(18 ) =     1.5899833727
     Qtby(19 ) =    -0.0000000000
     Qtby(20 ) =     0.0042091206
     Qtby(21 ) =     0.0000000000
     Qtby(22 ) =    -0.6009572276
     Qtby(23 ) =     0.0000000000
     Qtby(24 ) =    -0.0055681432
     Qtby(25 ) =     0.0000000000

 =====================================================================================================================================


 =====================================================================================================================================

 T tensor construction

 X intermediate    0.1527095142

 The D_l intermediate (eq. 29 in the JCP paper)
       D_( 1 ) =     0.0455002639
       D_( 2 ) =     0.2614641299
       D_( 3 ) =     0.5494159514
       D_( 4 ) =     0.7797774085
       D_( 5 ) =     0.9114125268
       D_( 6 ) =     0.9699170239

 The rvec intermediate 1/(4 pi espsilon_0 R^n)
     rvec( 1 ) =   117.4050400997
     rvec( 2 ) =    41.5089500000
     rvec( 3 ) =    14.6756300125
     rvec( 4 ) =     5.1886187500
     rvec( 5 ) =     1.8344537516
     rvec( 6 ) =     0.6485773437
     rvec( 7 ) =     0.2293067189
     rvec( 8 ) =     0.0810721680
     rvec( 9 ) =     0.0286633399
     rvec(10 ) =     0.0101340210

 The krvec intermediate (kappa*R)^n
    krvec( 1 ) =     1.4142135624
    krvec( 2 ) =     2.0000000000
    krvec( 3 ) =     2.8284271247
    krvec( 4 ) =     4.0000000000
    krvec( 5 ) =     5.6568542495
    krvec( 6 ) =     8.0000000000
    krvec( 7 ) =    11.3137084990
    krvec( 8 ) =    16.0000000000
    krvec( 9 ) =    22.6274169980
    krvec(10 ) =    32.0000000000
    krvec(11 ) =    45.2548339959

 The Vab intermediate
      Vab( 1 ) =     5.3659407971
      Vab( 2 ) =    10.0368630435
      Vab( 3 ) =     0.3944946795
      Vab( 4 ) =     0.0000000000
      Vab( 5 ) =     8.0308829361
      Vab( 6 ) =     0.4670363377
      Vab( 7 ) =     0.0000000000
      Vab( 8 ) =    -0.2572932673
      Vab( 9 ) =     0.0000000000
      Vab(10 ) =     5.0150071731
      Vab(11 ) =     0.4362912666
      Vab(12 ) =     0.0000000000
      Vab(13 ) =    -0.3037350013
      Vab(14 ) =     0.0000000000
      Vab(15 ) =    -0.0463777133
      Vab(16 ) =     0.0000000000
      Vab(17 ) =     2.8375729000
      Vab(18 ) =     0.3624754674
      Vab(19 ) =     0.0000000000
      Vab(20 ) =    -0.2462614134
      Vab(21 ) =     0.0000000000
      Vab(22 ) =    -0.0506650715
      Vab(23 ) =     0.0000000000
      Vab(24 ) =     0.0035140158
      Vab(25 ) =     0.0000000000

 The Vba intermediate
      Vba( 1 ) =    -0.4557873064
      Vba( 2 ) =     0.8349764276
      Vba( 3 ) =    -0.0920055090
      Vba( 4 ) =    -0.7478393898
      Vba( 5 ) =    -0.4015763404
      Vba( 6 ) =     0.1216285244
      Vba( 7 ) =     0.9883043816
      Vba( 8 ) =     0.0100872094
      Vba( 9 ) =     0.0222544283
      Vba(10 ) =     0.0078470778
      Vba(11 ) =    -0.0735944831
      Vba(12 ) =    -0.6565084958
      Vba(13 ) =    -0.0106834714
      Vba(14 ) =    -0.0250660818
      Vba(15 ) =    -0.0311358296
      Vba(16 ) =    -0.0697220663
      Vba(17 ) =     0.1276638345
      Vba(18 ) =     0.0242342372
      Vba(19 ) =     0.2923386739
      Vba(20 ) =     0.0055989435
      Vba(21 ) =     0.0190864602
      Vba(22 ) =     0.0334246546
      Vba(23 ) =     0.0753412428
      Vba(24 ) =    -0.0087696279
      Vba(25 ) =     0.0062352969

 The VabR intermediate
     VabR( 1 ) =   -10.0368630435
     VabR( 2 ) =   -18.1281181485
     VabR( 3 ) =    -0.8089306659
     VabR( 4 ) =     0.0000000000
     VabR( 5 ) =   -15.7973367300
     VabR( 6 ) =    -1.1475234998
     VabR( 7 ) =     0.0000000000
     VabR( 8 ) =     0.6791721101
     VabR( 9 ) =     0.0000000000
     VabR(10 ) =   -11.4963342463
     VabR(11 ) =    -1.3269949410
     VabR(12 ) =     0.0000000000
     VabR(13 ) =     0.8583940994
     VabR(14 ) =     0.0000000000
     VabR(15 ) =     0.1340471793
     VabR(16 ) =     0.0000000000
     VabR(17 ) =    -7.6338227484
     VabR(18 ) =    -1.2349685066
     VabR(19 ) =     0.0000000000
     VabR(20 ) =     0.7691653371
     VabR(21 ) =     0.0000000000
     VabR(22 ) =     0.1534562829
     VabR(23 ) =     0.0000000000
     VabR(24 ) =    -0.0118992836
     VabR(25 ) =    -0.0000000000
 =====================================================================================================================================


 =====================================================================================================================================

 Computing energy, forces and torques in the QI frame for this pair
      Energy =    -0.1942079997
     E_AB^Ax =    -1.4279120210
     E_AB^Ay =     0.1702863746
     E_AB^Az =     0.0238407124
     E_AB^Bx =    -0.9864407879
     E_AB^By =     0.2980900061
          Fz =    -0.1064196520

    QI force =     0.1655960575    0.8536026217    0.1064196520
 QI torque A =     1.4279120210   -0.1702863746   -0.0238407124
 QI torque B =     0.9864407879   -0.2980900061    0.0238407124

 =====================================================================================================================================


 =====================================================================================================================================

 Rotating forces and torques for this pair back to the lab frame, using the Uab matrix printed above
   lab force =     0.0418440376   -0.8536026217   -0.1923441528
lab torque A =     1.0265442024    0.1702863746   -0.9928283435
lab torque B =     0.6806610409    0.2980900061   -0.7143768998
 =====================================================================================================================================
